# Region file format: DS9 version 4.1
global color=green dashlist=8 3 width=1 font="helvetica 10 normal roman" select=1 highlite=1 dash=0 fixed=0 edit=1 move=1 delete=1 include=1 source=1
physical
circle(1036.221,691.03862,8.2197088)
circle(955.70752,719.07093,5.9089014)
circle(962.09422,732.5453,5.6212623)
circle(970.12952,744.72157,6.6699713)
circle(981.41225,756.44783,5.6648351)
circle(992.3921,765.64277,6.0510246)
circle(1005.9682,771.48426,6.0678217)
circle(1020.7342,774.94589,6.5906266)
circle(1035.7165,777.37984,6.3506139)
circle(1050.2121,775.10815,6.6859852)
circle(1064.4462,771.82682,6.6551835)
circle(1077.7879,766.23773,6.8867169)
circle(1090.4084,757.44845,6.6693289)
circle(1101.3161,746.76609,7.0434695)
circle(1109.895,734.19066,6.242203)
circle(1116.4307,720.93161,6.2339081)
circle(1121.0131,707.86037,6.0728473)
circle(1122.3465,692.36414,6.3455361)
circle(1120.5812,677.19975,6.6217711)
circle(1117.0655,662.48784,7.2394996)
circle(1110.7462,649.42561,6.596339)
circle(1101.8127,636.91328,6.6339684)
circle(1091.5811,626.276,6.7888407)
circle(1080.0874,618.02759,6.453938)
circle(1066.3851,610.95109,6.7754349)
circle(1051.9797,606.81337,6.885356)
circle(1037.4301,605.7226,6.1332954)
circle(1022.61,606.588,5.9044673)
circle(1007.3572,609.77919,6.1467808)
circle(995.70052,617.35074,6.3215296)
circle(981.91788,626.57348,6.5925755)
circle(971.9026,635.67647,6.0643017)
circle(963.162,648.52776,6.3215859)
circle(957.21233,660.69753,6.6480181)
circle(952.34669,674.59964,6.7763966)
circle(950.01864,689.95908,6.5613002)
circle(951.15449,705.10369,6.71364)
circle(949.41135,837.00613,4.7869915)
circle(975.41084,850.52781,5.0949922)
circle(1004.6258,858.40812,5.7606381)
circle(1033.7732,861.93259,6.0342166)
circle(1063.1647,859.86674,5.9453426)
circle(1092.6814,852.65637,5.6113908)
circle(1119.669,840.6602,5.6747006)
circle(1144.6446,824.09632,5.1655361)
circle(1166.1283,803.97563,5.3853734)
circle(1183.1768,779.66853,5.6076903)
circle(1196.852,752.53804,4.8345628)
circle(1205.0411,723.82811,4.7832294)
circle(1207.9588,693.85307,4.1623395)
circle(1205.8278,664.35587,5.0909943)
circle(1198.8741,635.53161,5.9818701)
circle(1186.1443,607.79153,5.0218676)
circle(1169.0404,583.11706,6.1877785)
circle(1148.307,561.21536,6.4922461)
circle(1124.4737,543.76877,6.3704721)
circle(1097.2134,530.99537,4.5832311)
circle(1068.4733,522.89517,4.8420311)
circle(1039.123,520.66242,4.9234379)
circle(1009.2016,522.93411,4.6962904)
circle(980.51338,530.46315,5.0437156)
circle(953.13409,542.45984,5.2446357)
circle(928.94598,559.55162,5.5046735)
circle(907.36492,580.42954,5.2953503)
circle(890.86811,604.39048,5.1554552)
circle(878.15745,631.48851,4.4682738)
circle(870.15245,659.50604,4.7287412)
circle(867.55623,688.87577,4.3923551)
circle(869.50339,718.57002,4.6734968)
circle(876.94048,746.79489,4.7916545)
circle(888.97503,773.88391,5.0622268)
circle(905.65213,798.89956,4.7030466)
circle(926.07031,819.85862,4.9197683)
circle(787.18434,732.31521,6.2038145)
circle(798.30654,774.84127,6.1809708)
circle(816.62546,815.21767,6.4883166)
circle(840.8326,851.76204,6.0712872)
circle(871.48876,883.53976,6.1861516)
circle(906.63118,909.42926,6.6971676)
circle(946.1664,928.86974,6.1206628)
circle(988.78593,941.3939,6.0149599)
circle(1032.4336,946.62788,5.4485642)
circle(1076.9224,943.82397,5.5193831)
circle(1120.0092,933.54294,5.371112)
circle(1161.1489,915.4421,4.9786087)
circle(1198.472,891.22301,5.6964032)
circle(1230.7016,860.1686,6.1207895)
circle(1257.3028,824.18713,5.4268955)
circle(1277.1545,783.81073,5.8432327)
circle(1289.8283,740.59303,5.5482711)
circle(1294.6884,695.9173,5.6885131)
circle(1291.791,650.68078,5.7971644)
circle(1280.7623,606.28544,5.3435046)
circle(1262.1629,565.90904,5.2879037)
circle(1236.5538,528.2431,5.2919814)
circle(1205.1188,496.04479,5.5126051)
circle(1168.6679,469.71914,6.3349058)
circle(1127.9332,450.32538,5.8125095)
circle(1084.5504,438.56451,6.4092975)
circle(1039.6878,434.28075,5.6936273)
circle(995.21453,438.40874,5.2684925)
circle(952.37692,450.09172,5.7549542)
circle(911.56436,468.70661,5.3450929)
circle(874.64612,494.2534,5.4500203)
circle(843.75112,525.48592,6.4444145)
circle(818.44422,561.95189,6.1693141)
circle(799.28412,602.30959,6.7615929)
circle(788.16192,644.36834,6.810321)
circle(783.87978,688.53413,6.8039102)
circle(701.02023,688.1268,7.1598079)
circle(705.77613,746.01666,6.925066)
circle(720.31163,802.86662,7.4541571)
circle(744.47652,856.63097,6.9400473)
circle(777.29618,904.93815,6.3161991)
circle(817.26881,946.9296,6.917826)
circle(864.5092,981.11495,6.480948)
circle(916.59475,1007.6288,6.6644533)
circle(973.1217,1024.0485,5.5427136)
circle(1030.8824,1030.9574,5.4837215)
circle(1090.2132,1027.4805,5.4094998)
circle(1147.6375,1014.1339,6.3236846)
circle(1202.0334,990.58097,5.9879415)
circle(1252.0541,958.18079,6.0444018)
circle(1295.1883,917.6212,6.0948744)
circle(1331.1226,869.48556,6.00933)
circle(1357.9582,815.77235,6.0882931)
circle(1374.9711,757.7003,5.7114744)
circle(1381.8581,697.93835,6.0487718)
circle(1377.668,637.80713,5.7898116)
circle(1362.943,579.40563,5.8493753)
circle(1337.8422,523.29193,5.4341717)
circle(1304.3669,473.9578,5.6714967)
circle(1262.2209,430.81771,6.0392707)
circle(1212.8001,396.30936,5.0118687)
circle(1158.5343,370.95298,4.989149)
circle(1099.7462,355.12543,4.4648532)
circle(1040.7967,349.36507,5.0830837)
circle(981.91446,355.39461,4.7540811)
circle(924.50075,370.73983,5.4821207)
circle(870.784,396.25772,5.9060878)
circle(821.52479,430.33539,6.8616132)
circle(780.66388,472.00384,5.8490844)
circle(746.74771,519.97099,6.9719925)
circle(722.03736,573.26784,7.0047045)
circle(706.3444,630.22547,7.4309144)
circle(643.63204,831.26417,7.7583401)
circle(673.22019,897.11195,7.8190695)
circle(714.00915,957.29811,7.187141)
circle(764.41788,1009.9839,6.5084858)
circle(822.69448,1052.6483,6.7896142)
circle(887.96966,1085.2186,6.5219679)
circle(957.82082,1105.9451,6.1779721)
circle(1030.2292,1114.828,4.3905094)
circle(625.46672,761.15145,7.3777855)
circle(619.54094,687.9927,6.9368375)
circle(626.1548,616.11113,7.6319464)
circle(644.7367,545.82877,7.7951383)
circle(675.43851,479.87762,6.6965114)
circle(716.72437,419.43208,5.9363729)
circle(768.91609,366.83015,6.7271485)
circle(828.85584,324.04612,5.8506189)
circle(895.78781,292.1726,5.9117693)
circle(967.68696,272.43573,5.1770924)
circle(1041.5304,265.02644,5.4705405)
circle(1115.9269,271.36329,4.8159354)
circle(1188.3756,290.47978,5.0291259)
circle(1256.4397,322.08914,5.1643057)
circle(1318.2403,365.35664,5.6238906)
circle(1371.633,419.20946,5.4132223)
circle(1414.5561,481.49204,6.457879)
circle(1445.5927,551.13016,6.7874993)
circle(1464.0429,624.34378,4.8547045)
circle(1469.0416,699.96406,4.7953229)
circle(1460.5806,775.04341,5.0920059)
circle(1438.7569,847.57069,4.819145)
circle(1404.9757,914.55702,4.491292)
circle(1360.0398,974.50191,4.8489015)
circle(1305.3569,1025.2982,4.664964)
circle(1243.4724,1065.5445,4.9065065)
circle(1175.4882,1094.4208,6.7058062)
circle(1103.0494,1111.2907,4.6624011)
circle(1028.4775,1197.9221,3.538376)
circle(941.97076,1187.3828,6.68828)
circle(859.40278,1162.0463,6.5639703)
circle(781.78885,1123.3388,5.9294851)
circle(711.85648,1071.998,6.2706763)
circle(651.79527,1009.1351,9.0888944)
circle(603.09465,937.32424,5.0313834)
circle(567.82183,858.63872,5.7443637)
circle(546.41611,775.4935,5.4349207)
circle(539.00446,688.86069,8.4587356)
circle(546.28527,602.21004,7.5356114)
circle(568.52788,518.66251,5.939559)
circle(605.04848,438.86524,4.2534374)
circle(654.61903,366.47536,6.7026245)
circle(715.66617,303.90829,7.4986586)
circle(787.33506,252.324,4.3154947)
circle(867.56915,213.6249,6.4916537)
circle(953.42358,189.65252,4.4209694)
circle(1042.473,181.02761,3.5303158)
circle(1131.709,187.75248,4.1735189)
circle(1218.999,210.59123,3.8117952)
circle(1300.7232,248.06983,4.1482217)
circle(1375.383,300.42867,3.3161836)
circle(1439.7618,365.63446,5.1619446)
circle(1491.0231,439.65951,6.5163911)
circle(1528.6463,523.40146,5.323759)
circle(1550.8231,612.11661,5.0168989)
circle(1556.548,702.54806,5.2609821)
circle(1546.4181,792.71505,5.380667)
circle(1520.2681,879.57531,4.3966792)
circle(1479.1131,960.25966,4.8612644)
circle(1424.7589,1031.6672,4.5726689)
circle(1359.1497,1092.3672,4.9737085)
circle(1284.3393,1140.6863,5.5487658)
circle(1201.5963,1174.7236,3.5286089)
circle(1115.5224,1193.8445,3.4454162)
circle(1027.1572,1280.4262,4.5812755)
circle(1127.865,1275.8641,3.8255528)
circle(1227.6621,1253.8932,3.7310317)
circle(1322.3955,1215.6799,4.6263018)
circle(1411.4386,1159.2877,5.4321341)
circle(1488.5542,1089.3959,4.6583789)
circle(1551.8639,1006.4457,4.7227595)
circle(1600.0983,913.06981,4.0638675)
circle(1632.1157,811.07706,6.283631)
circle(1636.9836,599.87364,5.4706688)
circle(1611.1068,496.31686,4.3595646)
circle(1566.9386,398.87904,4.2608509)
circle(1507.5175,312.03659,6.7722381)
circle(1431.9235,235.76107,5.3017778)
circle(1345.6821,176.14936,5.5105614)
circle(1249.6662,132.47632,6.6596126)
circle(1146.9963,106.35609,3.4574262)
circle(1043.4596,99.626901,3.8750974)
circle(939.87318,109.95309,5.8600674)
circle(840.70037,138.01157,4.6357911)
circle(747.63421,182.60033,4.8512341)
circle(664.77024,244.20776,4.7821502)
circle(593.85158,316.30437,8.4388949)
circle(536.50986,399.76068,5.8003501)
circle(494.98367,492.04809,3.7690957)
circle(469.61066,589.7167,2.6408424)
circle(461.12256,689.89698,5.4651642)
circle(468.98987,788.42365,4.0838119)
circle(494.27311,886.14719,5.2566896)
circle(535.06648,977.98646,6.1894489)
circle(591.17684,1060.2973,6.0265962)
circle(660.77097,1132.377,5.7707232)
circle(740.74837,1191.1383,5.5816342)
circle(831.17083,1238.3031,5.7259752)
circle(927.11789,1267.4848,3.5796468)
circle(1025.3176,1362.8765,6.473928)
circle(1140.0535,1358.3612,6.8333891)
circle(1253.8962,1334.0182,3.4160085)
circle(1363.6439,1289.4359,4.6300872)
circle(1464.3048,1226.7865,5.1518065)
circle(1552.323,1147.2043,5.2926758)
circle(1625.0031,1052.8812,4.6402398)
circle(1681.3763,945.96707,4.8126969)
circle(1717.0784,829.40474,4.7711658)
circle(1643.4882,706.09854,4.8737631)
circle(1731.5611,709.52372,4.1998794)
circle(1724.1727,588.12948,2.8637503)
circle(1694.6345,467.53864,4.7968304)
circle(1643.9954,357.55395,7.1318276)
circle(1576.1585,258.43349,5.9335209)
circle(1489.5674,170.59524,4.1571249)
circle(1279.2172,52.074613,4.4752012)
circle(1389.7409,102.26184,3.1365244)
circle(1161.556,23.06044,6.0807238)
circle(1043.7047,14.849703,4.2568024)
circle(925.33153,27.427913,4.8392766)
circle(812.10736,60.720818,6.6968638)
circle(706.0007,112.86251,5.3866516)
circle(611.8923,181.08666,7.6785827)
circle(531.03975,266.39719,4.5124379)
circle(466.9229,360.58844,3.9587817)
circle(419.4626,467.75728,5.2212528)
circle(391.34412,578.08911,4.5519769)
circle(381.54711,689.61479,4.2575635)
circle(391.51354,803.32237,4.9341049)
circle(419.97433,912.98591,5.7469416)
circle(467.96025,1017.3919,11.021555)
circle(530.99326,1111.5211,6.5476446)
circle(609.36422,1193.6684,7.2088873)
circle(701.13743,1261.8986,6.944263)
circle(803.35068,1313.7132,4.5191741)
circle(910.29041,1347.8393,3.3069927)
